30 65
40 60
52 53
56 51
54 45
54 48
9 69
12 70
7 78
10 82
14 85
22 81
25 84
25 85
26 79
6 39
7 23
16 33
28 25
15 48
24 42
18 71
34 69
37 73
47 68
60 62
63 60
66 46
69 51
72 54
2 55
43 64
20 16
24 13
37 35
41 33
99 21
89 5
93 2
94 31
97 36
100 40
101 22
104 25
109 23
124 14
3 122
47 102
59 96
81 86
66 104
75 100
59 121
68 123
61 122
59 121
64 124
79 118
88 114
68 92
82 121
85 124
94 120
91 117
101 109
66 63
69 63
102 103
101 109
104 107
115 107
116 107
114 103
119 110
113 117
102 105
116 117
116 32
111 35
113 38
113 40
61 84
52 89
110 114
107 115
40 94
37 96
54 109
51 111
127 19
125 53
125 95
98 127
