74 52
76 51
75 55
76 54
76 77
76 80
77 78
78 81
73 25
74 24
73 28
75 27
77 104
79 105
79 108
78 107
100 16
100 20
102 15
102 19
101 49
102 53
104 49
104 53
103 81
104 85
105 82
106 85
105 115
107 116
108 120
105 119
71 2
52 10
53 9
53 12
52 13
53 32
54 31
54 34
53 35
54 54
55 53
56 56
54 56
55 74
57 75
57 77
56 77
57 96
58 97
58 100
57 99
57 117
59 118
54 121
57 122
37 3
36 1
36 4
37 19
38 18
38 21
37 22
38 37
38 39
39 36
39 39
39 55
40 55
39 57
40 57
40 72
41 72
40 74
41 75
41 90
42 91
42 93
41 93
42 108
43 109
39 111
41 112
24 12
25 11
25 13
24 14
24 27
25 26
25 29
26 28
25 41
26 41
27 43
25 43
26 56
27 56
26 58
27 58
27 70
28 71
28 73
27 72
28 85
28 87
29 88
29 86
29 88
28 99
30 101
12 12
12 22
23 12
13 33
13 35
13 45
14 47
14 57
14 59
15 69
15 71
16 80
16 82
16 92
9 10
12 35
12 39
14 65
14 69
15 94
5 97
3 97
26 102
15 105
11 106
1 110
22 115
8 118
25 114
24 116
38 125
36 127
34 126
5 119
6 120
9 119
39 126
