14 26
14 37
27 26
27 38
16 27
16 36
27 27
27 36
64 27
64 40
85 27
85 42
68 29
68 38
84 39
84 29
69 30
69 37
84 30
84 38
14 60
13 77
36 63
35 82
17 62
17 74
35 65
35 79
17 66
17 70
21 62
21 67
21 71
21 75
25 63
25 67
25 72
25 77
31 64
31 69
31 73
31 78
35 69
35 74
63 68
63 88
97 73
96 96
68 71
68 86
79 72
79 88
68 76
68 81
74 72
74 77
74 82
74 87
79 78
79 83
81 73
81 89
87 74
94 75
93 91
87 79
87 84
87 90
81 78
81 83
94 80
94 86
13 99
13 116
35 106
34 124
16 102
16 114
34 107
34 122
16 106
16 110
20 103
20 107
20 111
20 115
25 104
25 108
25 113
25 118
30 106
30 110
30 115
30 119
62 115
66 118
66 123
72 120
72 125
78 122
85 124
95 126
78 127
93 127
