67 86
64 84
58 101
61 102
61 82
55 100
54 102
23 20
15 37
27 23
18 39
71 60
65 73
74 90
69 106
74 62
77 65
71 77
68 75
25 17
29 20
83 41
84 39
87 40
90 41
85 44
88 46
94 49
93 51
96 24
97 21
101 23
103 24
98 26
100 29
110 8
112 6
115 8
117 9
119 17
117 20
106 32
105 35
84 67
83 69
78 81
73 58
76 59
79 60
111 11
113 13
9 50
13 52
4 76
3 79
68 108
61 105
49 123
53 124
49 125
52 126
57 104
56 124
56 127
128 63
120 74
122 76
119 76
121 77
112 88
111 90
114 90
107 99
109 100
104 107
106 108
102 120
101 122
99 121
113 92
100 119
