16 7
16 9
17 7
17 9
17 35
19 35
17 36
19 36
19 62
19 64
20 62
21 64
21 89
22 89
21 90
22 90
22 115
22 116
24 117
23 115
24 7
24 9
25 7
25 9
25 35
25 36
27 35
27 36
27 62
27 64
28 62
29 64
28 89
29 90
30 89
30 90
30 115
30 117
31 115
31 117
49 6
49 8
51 5
51 7
51 34
51 36
52 34
53 36
52 62
52 64
54 62
54 64
53 90
53 91
55 90
55 91
55 117
55 118
56 117
57 118
79 5
81 4
79 6
81 6
88 4
89 6
90 4
81 34
81 35
82 33
82 35
89 34
90 35
91 33
91 35
82 62
82 64
83 62
84 64
90 62
91 64
92 62
92 64
83 90
83 92
85 91
85 92
92 91
92 93
93 93
93 91
84 118
84 120
85 118
86 120
92 119
93 120
94 119
94 121
117 3
117 5
119 3
119 5
118 33
118 35
120 33
120 35
119 63
121 63
121 65
120 92
120 94
122 92
122 94
120 120
122 120
122 122
120 122
90 6
119 65
